0.000014 0.000010 0.000010 0.999966
0.000012 0.000010 0.000010 0.999968
0.079751 0.000010 0.000010 0.920229
0.999970 0.000010 0.000010 0.000010
0.000010 0.000010 0.000010 0.999970
0.999970 0.000010 0.000010 0.000010
0.000010 0.000010 0.000010 0.999970
0.999970 0.000010 0.000010 0.000010
0.000011 0.000010 0.000010 0.999969
0.000010 0.000010 0.000010 0.999970
0.000010 0.999970 0.000010 0.000010
0.000010 0.000010 0.000010 0.999970
0.000010 0.999970 0.000010 0.000010
0.000010 0.000010 0.000010 0.999970
0.000010 0.000010 0.000010 0.999970
0.000010 0.000010 0.000010 0.999970
0.000010 0.000010 0.000010 0.999970
0.000010 0.000010 0.000010 0.999970
0.000010 0.000010 0.000010 0.999970
0.000010 0.000010 0.000010 0.999970
0.000010 0.000010 0.000010 0.999970
0.000010 0.645695 0.354285 0.000010
0.000010 0.636361 0.363619 0.000010
0.000010 0.668368 0.331612 0.000010
0.000010 0.173573 0.826407 0.000010
0.000010 0.899807 0.100173 0.000010
0.000010 0.999970 0.000010 0.000010
0.000010 0.889991 0.109989 0.000010
0.000010 0.999970 0.000010 0.000010
0.000010 0.879664 0.120316 0.000010
0.000017 0.923239 0.076734 0.000010
0.000010 0.000010 0.999970 0.000010
0.000010 0.630509 0.369471 0.000010
0.000010 0.999970 0.000010 0.000010
0.000010 0.000010 0.999970 0.000010
0.000013 0.000020 0.999957 0.000010
0.000010 0.000010 0.999970 0.000010
0.000010 0.000010 0.999970 0.000010
0.000010 0.000010 0.999970 0.000010
0.000010 0.359791 0.640189 0.000010
0.000010 0.487654 0.512326 0.000010
0.000010 0.999970 0.000010 0.000010
0.000010 0.000010 0.999970 0.000010
0.000010 0.000010 0.000010 0.999970
0.000010 0.000015 0.000010 0.999965
0.999970 0.000010 0.000010 0.000010
0.000010 0.000010 0.000010 0.999970
0.999970 0.000010 0.000010 0.000010
0.000010 0.000010 0.999970 0.000010
0.000010 0.653909 0.346071 0.000010
0.000010 0.999970 0.000010 0.000010
0.000010 0.603297 0.396683 0.000010
0.000010 0.999970 0.000010 0.000010
0.057696 0.000010 0.000010 0.942284
0.000012 0.000010 0.000010 0.999968
0.000010 0.999970 0.000010 0.000010
0.000010 0.000010 0.999970 0.000010
0.000010 0.999970 0.000010 0.000010
0.999970 0.000010 0.000010 0.000010
0.000010 0.000010 0.999970 0.000010
0.000010 0.000010 0.000010 0.999970
0.000011 0.000010 0.000010 0.999969
0.000010 0.000010 0.999970 0.000010
0.000010 0.000010 0.000010 0.999970
0.391249 0.164132 0.000010 0.444609
0.000010 0.000010 0.000010 0.999970
0.000010 0.000010 0.000010 0.999970
0.999970 0.000010 0.000010 0.000010
