0.011624 0.004190 0.002684 0.981503
0.011816 0.003197 0.002912 0.982075
0.013870 0.003104 0.003272 0.979754
0.014354 0.005698 0.001884 0.978063
0.012450 0.005012 0.003221 0.979318
0.011412 0.004738 0.002692 0.981157
0.011795 0.004805 0.002585 0.980815
0.010880 0.003223 0.002526 0.983372
0.018656 0.003921 0.002040 0.975384
0.017385 0.004413 0.002051 0.976151
0.014525 0.004715 0.001725 0.979035
0.036070 0.003619 0.001762 0.958548
0.016801 0.005638 0.002482 0.975079
0.016858 0.006884 0.000401 0.975857
0.015861 0.004111 0.001016 0.979011
0.016540 0.005765 0.001549 0.976146
0.015257 0.005326 0.001366 0.978051
0.014338 0.002939 0.001775 0.980948
0.014234 0.003677 0.001369 0.980720
0.010095 0.003730 0.002887 0.983288
0.010505 0.004114 0.002570 0.982810
0.011504 0.003406 0.002635 0.982456
0.012500 0.002319 0.003034 0.982147
0.012651 0.002758 0.002639 0.981952
0.011589 0.002110 0.003049 0.983252
0.012910 0.004189 0.001118 0.981783
0.014874 0.005866 0.001564 0.977696
0.011191 0.004046 0.001083 0.983681
0.011465 0.001767 0.004296 0.982472
0.009194 0.004088 0.002257 0.984462
0.012736 0.002479 0.003355 0.981430
0.010240 0.004585 0.002186 0.982989
0.010969 0.003575 0.002330 0.983126
0.010142 0.003500 0.002210 0.984149
0.014612 0.004874 0.000774 0.979741
0.014751 0.004330 0.000932 0.979986
0.015144 0.004368 0.000412 0.980076
0.019582 0.004242 0.002597 0.973579
0.017993 0.005576 0.003338 0.973093
0.013183 0.003934 0.001201 0.981682
0.014216 0.003075 0.001437 0.981272
0.015352 0.003285 0.001679 0.979685
0.011201 0.004906 0.001267 0.982626
0.010972 0.003982 0.001587 0.983458
0.010590 0.004705 0.002016 0.982689
0.014051 0.003378 0.002690 0.979882
0.013074 0.003539 0.002877 0.980510
0.014633 0.004255 0.002129 0.978983
0.015365 0.002869 0.002463 0.979303
0.014737 0.003534 0.002067 0.979662
0.014246 0.005650 0.001667 0.978437
0.014719 0.003672 0.002769 0.978841
0.012671 0.004149 0.003023 0.980157
0.031150 0.002262 0.002126 0.964462
0.024091 0.002645 0.002329 0.970935
0.030143 0.002429 0.002332 0.965097
0.029981 0.005979 0.001324 0.962717
0.028503 0.006620 0.001999 0.962878
0.029543 0.005484 0.002400 0.962573
0.018457 0.005707 0.001527 0.974308
0.013495 0.004345 0.001502 0.980657
0.012399 0.002250 0.001545 0.983806
0.020829 0.003225 0.001889 0.974057
0.014961 0.003879 0.001898 0.979261
0.015954 0.004971 0.001933 0.977143
