0.003245 0.002525 0.003245 0.990984
0.003377 0.001992 0.002746 0.991885
0.004151 0.003226 0.003748 0.988875
0.005526 0.004154 0.005924 0.984397
0.004252 0.002833 0.006370 0.986545
0.003814 0.003632 0.003842 0.988711
0.003786 0.003868 0.004023 0.988324
0.003631 0.002810 0.002722 0.990837
0.000010 0.000010 0.000010 0.999970
0.008218 0.002407 0.005455 0.983921
0.005108 0.003766 0.005426 0.985700
0.018724 0.002659 0.006789 0.971828
0.006409 0.004710 0.004683 0.984197
0.004287 0.003739 0.003559 0.988416
0.004120 0.002925 0.002954 0.990000
0.004379 0.003676 0.003776 0.988168
0.000010 0.000010 0.000010 0.999970
0.004663 0.002314 0.004233 0.988789
0.000010 0.000010 0.000010 0.999970
0.004139 0.003228 0.003429 0.989204
0.004172 0.003329 0.003426 0.989073
0.004302 0.002793 0.003644 0.989261
0.000010 0.000010 0.000010 0.999970
0.003715 0.000010 0.000010 0.996265
0.002803 0.002242 0.005360 0.989596
0.002693 0.002717 0.003108 0.991481
0.004429 0.002448 0.004194 0.988929
0.003817 0.002122 0.002334 0.991727
0.003811 0.003424 0.003725 0.989040
0.002248 0.002845 0.005088 0.989819
0.004115 0.002841 0.003112 0.989933
0.003264 0.003283 0.003035 0.990418
0.003207 0.002756 0.003289 0.990748
0.002867 0.002178 0.002935 0.992019
0.003369 0.002522 0.003808 0.990301
0.003776 0.002199 0.003681 0.990344
0.003526 0.002207 0.003731 0.990536
0.005468 0.003193 0.004417 0.986921
0.000010 0.000010 0.000010 0.999970
0.005270 0.001945 0.004798 0.987987
0.005156 0.001618 0.004709 0.988518
0.006059 0.002289 0.005392 0.986260
0.003052 0.002649 0.003428 0.990871
0.003144 0.002782 0.003435 0.990638
0.003125 0.002392 0.003837 0.990646
0.002820 0.003476 0.002520 0.991184
0.002843 0.003588 0.002845 0.990724
0.004349 0.002130 0.004535 0.988987
0.004163 0.002027 0.004496 0.989314
0.004420 0.001901 0.004493 0.989186
0.003373 0.003092 0.005900 0.987635
0.003255 0.002351 0.006445 0.987949
0.003123 0.002495 0.006110 0.988273
0.016827 0.002998 0.003635 0.976540
0.014553 0.002375 0.002641 0.980431
0.016546 0.003521 0.003189 0.976744
0.010760 0.003486 0.005155 0.980600
0.010391 0.003922 0.005193 0.980495
0.000010 0.000010 0.000010 0.999970
0.000010 0.000010 0.000010 0.999970
0.003629 0.003611 0.003250 0.989510
0.005034 0.002018 0.002074 0.990873
0.006358 0.001911 0.009183 0.982548
0.003833 0.002949 0.006014 0.987204
0.005018 0.002198 0.006675 0.986109
