0.981516 0.003444 0.001048 0.002398 0.011594
0.982089 0.002797 0.000852 0.002459 0.011803
0.979775 0.002585 0.000843 0.002899 0.013897
0.977941 0.004040 0.002382 0.001340 0.014296
0.979346 0.004499 0.001022 0.002631 0.012502
0.981120 0.004286 0.001630 0.001621 0.011344
0.980717 0.003958 0.002230 0.001380 0.011716
0.983236 0.001610 0.002078 0.002082 0.010993
0.975273 0.002193 0.002054 0.001880 0.018600
0.976066 0.002915 0.001817 0.001864 0.017338
0.978792 0.003317 0.003729 0.000010 0.014153
0.958388 0.002027 0.002386 0.001213 0.035987
0.974863 0.003784 0.003464 0.001177 0.016712
0.975761 0.005031 0.002070 0.000367 0.016771
0.979019 0.003384 0.000789 0.001006 0.015802
0.976134 0.004629 0.001326 0.001429 0.016482
0.978080 0.004754 0.001192 0.000940 0.015034
0.980984 0.002837 0.000658 0.001403 0.014118
0.980697 0.002775 0.001250 0.001246 0.014032
0.983244 0.002655 0.001584 0.002494 0.010023
0.982784 0.003158 0.001445 0.002163 0.010450
0.982403 0.002358 0.001615 0.002233 0.011391
0.982232 0.002156 0.000010 0.003097 0.012505
0.981972 0.002401 0.000731 0.002288 0.012608
0.983320 0.001903 0.000254 0.002965 0.011557
0.981752 0.003183 0.001208 0.000935 0.012922
0.977266 0.002694 0.004937 0.000285 0.014819
0.983567 0.002369 0.001957 0.000896 0.011211
0.982398 0.000696 0.001638 0.003832 0.011437
0.984341 0.002736 0.002054 0.001757 0.009112
0.981354 0.001880 0.001849 0.002212 0.012706
0.982971 0.003424 0.001336 0.002049 0.010220
0.983090 0.002448 0.001422 0.002127 0.010914
0.984121 0.002491 0.001282 0.002014 0.010092
0.979803 0.004417 0.000601 0.000542 0.014637
0.979913 0.003117 0.001409 0.000754 0.014807
0.980004 0.003077 0.001303 0.000428 0.015189
0.973558 0.003430 0.001319 0.002108 0.019585
0.972956 0.003239 0.002829 0.003095 0.017880
0.981629 0.002893 0.001433 0.000861 0.013184
0.981195 0.001971 0.001548 0.001056 0.014230
0.979667 0.002580 0.000959 0.001440 0.015355
0.982567 0.003695 0.001610 0.000986 0.011141
0.983452 0.003234 0.000949 0.001403 0.010963
0.982659 0.003735 0.001400 0.001652 0.010555
0.979752 0.002017 0.002380 0.001821 0.014030
0.980337 0.001789 0.002722 0.002052 0.013101
0.978933 0.003300 0.001717 0.001527 0.014523
0.979254 0.002147 0.001491 0.001799 0.015308
0.979605 0.002717 0.001666 0.001385 0.014627
0.978519 0.005243 0.000798 0.001214 0.014226
0.978866 0.003193 0.001009 0.002208 0.014725
0.980211 0.003791 0.000930 0.002416 0.012651
0.964399 0.001505 0.001275 0.001699 0.031122
0.970996 0.002459 0.000070 0.002357 0.024118
0.965033 0.001594 0.001402 0.001873 0.030098
0.962722 0.005209 0.001136 0.001193 0.029740
0.962827 0.005286 0.002061 0.001668 0.028158
0.962592 0.004707 0.001067 0.002218 0.029417
0.974177 0.003751 0.002404 0.001273 0.018395
0.980495 0.002956 0.002366 0.000779 0.013404
0.983775 0.001483 0.000912 0.001488 0.012343
0.974007 0.002123 0.001191 0.001857 0.020822
0.979269 0.003233 0.001028 0.001614 0.014856
0.977109 0.003597 0.001472 0.001930 0.015892
