0.052455 0.928372 0.012043 0.000384 0.004211 0.002535
0.050950 0.930473 0.012213 0.000611 0.003222 0.002530
0.053059 0.925916 0.014346 0.000994 0.003037 0.002648
0.058769 0.918618 0.014637 0.000983 0.004431 0.002562
0.050198 0.928712 0.012550 0.002478 0.004011 0.002051
0.060770 0.919594 0.011845 0.001435 0.004189 0.002166
0.060054 0.919861 0.012311 0.000821 0.004492 0.002462
0.054609 0.927968 0.011429 0.001288 0.002473 0.002233
0.045388 0.928675 0.019816 0.000739 0.002827 0.002556
0.048160 0.926552 0.018615 0.001018 0.003054 0.002601
0.050148 0.928137 0.015017 0.000158 0.004873 0.001667
0.059914 0.897780 0.036601 0.000790 0.002695 0.002220
0.066482 0.907684 0.017228 0.000010 0.005625 0.002971
0.044766 0.930354 0.017142 0.000965 0.005268 0.001506
0.037755 0.940328 0.016396 0.000804 0.003457 0.001259
0.043966 0.931495 0.016821 0.001376 0.004503 0.001840
0.049893 0.927683 0.015689 0.002298 0.004413 0.000025
0.067979 0.912346 0.014800 0.001809 0.002201 0.000864
0.064407 0.915389 0.014970 0.001126 0.002932 0.001176
0.060732 0.921721 0.010674 0.000648 0.003105 0.003119
0.058814 0.923190 0.011099 0.000731 0.003604 0.002563
0.059394 0.922178 0.012232 0.000994 0.002792 0.002409
0.063017 0.918082 0.013249 0.000010 0.002244 0.003399
0.061321 0.919662 0.013353 0.000927 0.002876 0.001861
0.064846 0.917702 0.012024 0.001191 0.002017 0.002219
0.041894 0.938805 0.013815 0.000610 0.003538 0.001338
0.057920 0.918804 0.015376 0.000156 0.003050 0.004694
0.055249 0.927627 0.011698 0.000010 0.003168 0.002249
0.056057 0.925622 0.011938 0.001500 0.000830 0.004053
0.060506 0.922789 0.009899 0.000967 0.003812 0.002027
0.047443 0.933449 0.012983 0.000448 0.002169 0.003507
0.072947 0.909284 0.010688 0.000820 0.004269 0.001991
0.071871 0.910493 0.011483 0.001467 0.002982 0.001704
0.073628 0.909780 0.010639 0.001471 0.003082 0.001400
0.059761 0.919184 0.015152 0.000971 0.003914 0.001018
0.057802 0.921315 0.015337 0.000524 0.003167 0.001856
0.056886 0.922345 0.015728 0.000690 0.002992 0.001359
0.045764 0.927027 0.019953 0.001273 0.003890 0.002093
0.033127 0.939296 0.018255 0.000556 0.003747 0.005019
0.053835 0.927214 0.013656 0.000745 0.002785 0.001765
0.052873 0.927889 0.014554 0.000808 0.001989 0.001888
0.054477 0.924611 0.015717 0.000953 0.002661 0.001580
0.052722 0.928631 0.012014 0.000207 0.004444 0.001982
0.052857 0.929369 0.011797 0.000207 0.003573 0.002198
0.053876 0.927639 0.011329 0.000735 0.003943 0.002479
0.081823 0.897009 0.014850 0.000681 0.002295 0.003343
0.083170 0.896304 0.013815 0.000864 0.002054 0.003794
0.059515 0.918533 0.015156 0.001305 0.004334 0.001157
0.060905 0.917420 0.015990 0.001099 0.003030 0.001556
0.058717 0.919919 0.015371 0.000840 0.003963 0.001191
0.064033 0.913703 0.014707 0.000678 0.004977 0.001902
0.064789 0.913211 0.015314 0.000736 0.003028 0.002922
0.063121 0.916330 0.013091 0.000744 0.003594 0.003119
0.074885 0.888311 0.032232 0.000471 0.001689 0.002412
0.056766 0.912815 0.025108 0.000010 0.002837 0.002463
0.075597 0.888218 0.031210 0.000534 0.001907 0.002534
0.054390 0.907120 0.030934 0.001447 0.004654 0.001455
0.054449 0.907263 0.029416 0.002074 0.004950 0.001847
0.051744 0.909567 0.030605 0.002709 0.003571 0.001804
0.053729 0.919389 0.019339 0.001173 0.004198 0.002171
0.050123 0.930286 0.013715 0.001410 0.002803 0.001663
0.054775 0.928205 0.012927 0.000574 0.001867 0.001653
0.058949 0.914027 0.021804 0.002215 0.001307 0.001698
0.048317 0.929901 0.015784 0.002472 0.003281 0.000245
0.056618 0.919216 0.017008 0.000010 0.003812 0.003336
