0.981469 0.006892 0.011639
0.982045 0.006110 0.011845
0.979732 0.006421 0.013847
0.978036 0.007628 0.014335
0.979280 0.008284 0.012436
0.981130 0.007508 0.011361
0.980785 0.007424 0.011791
0.983349 0.005791 0.010860
0.975350 0.006006 0.018643
0.976115 0.006531 0.017354
0.979003 0.006416 0.014582
0.958530 0.005448 0.036023
0.975041 0.008174 0.016785
0.975795 0.007435 0.016770
0.978991 0.005218 0.015791
0.976111 0.007452 0.016436
0.978029 0.006707 0.015264
0.980921 0.004743 0.014336
0.980691 0.005065 0.014244
0.983265 0.006669 0.010066
0.982787 0.006715 0.010498
0.982432 0.006081 0.011487
0.982128 0.005401 0.012472
0.981936 0.005437 0.012628
0.983232 0.005204 0.011564
0.981768 0.005309 0.012923
0.977674 0.007433 0.014893
0.983683 0.005137 0.011181
0.982463 0.006127 0.011410
0.984408 0.006423 0.009168
0.981418 0.005874 0.012708
0.982965 0.006790 0.010245
0.983108 0.005948 0.010943
0.984131 0.005746 0.010122
0.979687 0.005686 0.014627
0.979947 0.005235 0.014818
0.980005 0.004799 0.015196
0.973547 0.006859 0.019594
0.973055 0.008968 0.017977
0.981687 0.005153 0.013160
0.981264 0.004518 0.014219
0.979667 0.004955 0.015378
0.982585 0.006163 0.011252
0.983431 0.005566 0.011003
0.982658 0.006729 0.010613
0.979858 0.006097 0.014044
0.980484 0.006450 0.013065
0.978948 0.006407 0.014645
0.979283 0.005366 0.015350
0.979632 0.005592 0.014776
0.978371 0.007384 0.014245
0.978809 0.006487 0.014704
0.980119 0.007232 0.012650
0.964449 0.004421 0.031130
0.970918 0.005003 0.024079
0.965085 0.004797 0.030118
0.962687 0.007338 0.029976
0.962840 0.008718 0.028442
0.962527 0.007959 0.029513
0.974253 0.007302 0.018446
0.980621 0.005874 0.013505
0.983780 0.003770 0.012451
0.974035 0.005151 0.020814
0.979247 0.005827 0.014926
0.977101 0.006891 0.016008
