0.067903 0.002243 0.923356 0.002034 0.004464
0.068636 0.001632 0.923451 0.001959 0.004322
0.066392 0.002686 0.922671 0.002936 0.005314
0.074950 0.003630 0.910074 0.003820 0.007525
0.082434 0.002668 0.904551 0.004052 0.006295
0.061680 0.003370 0.927362 0.002998 0.004591
0.060920 0.003562 0.927667 0.003325 0.004527
0.067155 0.002206 0.923977 0.002341 0.004321
0.044161 0.002862 0.940285 0.002410 0.010282
0.047303 0.002208 0.937655 0.002702 0.010133
0.084636 0.002790 0.901723 0.004104 0.006748
0.074318 0.002958 0.899490 0.003263 0.019971
0.072163 0.004324 0.912499 0.003873 0.007140
0.059229 0.002985 0.929547 0.003247 0.004992
0.052820 0.002376 0.937417 0.002368 0.005019
0.058818 0.003167 0.929701 0.003065 0.005250
0.064213 0.002723 0.923839 0.003681 0.005545
0.094425 0.002359 0.894762 0.002171 0.006283
0.068305 0.001845 0.921807 0.002496 0.005547
0.082471 0.002698 0.907022 0.002594 0.005215
0.081277 0.002425 0.908116 0.002907 0.005276
0.081713 0.002101 0.907812 0.002974 0.005399
0.078645 0.003166 0.908985 0.001608 0.007596
0.077574 0.002304 0.910813 0.001695 0.007614
0.082592 0.002452 0.907428 0.002153 0.005375
0.068060 0.002513 0.923579 0.001854 0.003994
0.060610 0.002202 0.928652 0.002743 0.005792
0.088596 0.002018 0.903355 0.001739 0.004292
0.084626 0.002645 0.904808 0.002883 0.005038
0.123099 0.002310 0.867176 0.003280 0.004135
0.067677 0.002445 0.922611 0.002239 0.005028
0.098713 0.002823 0.891881 0.002480 0.004103
0.097598 0.003059 0.893376 0.001825 0.004142
0.099505 0.002562 0.892702 0.001502 0.003729
0.090973 0.002641 0.899941 0.001587 0.004858
0.089696 0.002464 0.901299 0.001302 0.005238
0.089517 0.002139 0.901666 0.001491 0.005187
0.066378 0.002768 0.921190 0.002606 0.007058
0.037436 0.002488 0.951833 0.002249 0.005994
0.062110 0.002287 0.926345 0.001577 0.007680
0.061261 0.001332 0.927786 0.001820 0.007802
0.059885 0.001914 0.927011 0.002126 0.009064
0.093066 0.002139 0.898091 0.002419 0.004285
0.095506 0.002557 0.895506 0.002017 0.004414
0.094171 0.001916 0.896775 0.002665 0.004473
0.134092 0.002243 0.857326 0.002610 0.003728
0.133901 0.002467 0.856982 0.002962 0.003687
0.073613 0.002767 0.915833 0.001841 0.005947
0.073094 0.002386 0.916619 0.002106 0.005795
0.073401 0.002557 0.916284 0.001641 0.006117
0.073734 0.002832 0.914977 0.002137 0.006320
0.074156 0.001933 0.914700 0.002895 0.006316
0.072876 0.002437 0.916394 0.002256 0.006036
0.088364 0.002185 0.889392 0.003069 0.016990
0.083889 0.001631 0.897434 0.002232 0.014814
0.088046 0.002200 0.889949 0.003057 0.016747
0.067842 0.004085 0.913836 0.002502 0.011735
0.066027 0.003705 0.915467 0.003384 0.011417
0.067259 0.003542 0.913942 0.003515 0.011741
0.071951 0.002814 0.915072 0.003263 0.006901
0.071914 0.003719 0.917945 0.002208 0.004214
0.074882 0.001682 0.916066 0.001755 0.005616
0.096783 0.002617 0.887211 0.002397 0.010991
0.085731 0.003029 0.902245 0.002501 0.006494
0.064109 0.002916 0.922889 0.002220 0.007866
