0.070765 0.920594 0.003519 0.001115 0.002274 0.001732
0.069603 0.922569 0.003618 0.000471 0.002061 0.001678
0.080265 0.908433 0.004702 0.001912 0.002156 0.002532
0.121714 0.863689 0.005973 0.002547 0.003198 0.002880
0.092938 0.893965 0.004826 0.001740 0.002740 0.003792
0.108495 0.878995 0.004392 0.001872 0.003115 0.003130
0.108446 0.878479 0.004322 0.002733 0.002926 0.003093
0.122691 0.868196 0.004090 0.001781 0.001640 0.001603
0.149560 0.837272 0.007112 0.001886 0.002927 0.001243
0.150664 0.836636 0.007124 0.001569 0.002739 0.001268
0.082691 0.902674 0.006322 0.002572 0.002362 0.003379
0.088374 0.882876 0.021315 0.001772 0.002921 0.002741
0.106403 0.876165 0.007556 0.001783 0.004319 0.003772
0.078755 0.908908 0.004528 0.002413 0.002757 0.002638
0.060705 0.928629 0.004780 0.002025 0.001714 0.002147
0.077794 0.909702 0.004709 0.001822 0.003184 0.002789
0.071704 0.915360 0.005247 0.001992 0.003178 0.002518
0.109193 0.880527 0.005084 0.001743 0.001651 0.001802
0.123371 0.867011 0.004442 0.001240 0.002021 0.001915
0.139065 0.850463 0.004691 0.000989 0.002707 0.002086
0.138985 0.850570 0.004665 0.001063 0.002531 0.002186
0.139234 0.850427 0.004818 0.001024 0.002103 0.002394
0.099663 0.890402 0.004074 0.001277 0.003241 0.001344
0.100270 0.890522 0.004307 0.001194 0.002139 0.001569
0.103502 0.887953 0.003189 0.001174 0.002402 0.001780
0.064786 0.926318 0.003356 0.001410 0.002335 0.001796
0.141406 0.847951 0.005083 0.001335 0.002811 0.001413
0.076647 0.913840 0.004871 0.000990 0.002237 0.001414
0.095511 0.893767 0.004076 0.001075 0.002864 0.002709
0.102509 0.887711 0.002496 0.002267 0.001843 0.003175
0.077432 0.912559 0.004375 0.000796 0.002740 0.002098
0.104671 0.885584 0.003615 0.000970 0.002881 0.002280
0.104175 0.886554 0.003635 0.001652 0.002879 0.001105
0.105237 0.886893 0.003279 0.000937 0.002651 0.001002
0.095994 0.894479 0.004004 0.002299 0.002190 0.001034
0.090183 0.900424 0.004497 0.001574 0.002430 0.000893
0.090227 0.900768 0.004230 0.001552 0.001966 0.001256
0.095763 0.891200 0.006627 0.002247 0.001960 0.002203
0.065112 0.923877 0.005336 0.001747 0.001924 0.002004
0.112492 0.877115 0.005905 0.001418 0.002056 0.001014
0.113215 0.877253 0.005900 0.001265 0.001376 0.000991
0.114784 0.873644 0.006827 0.001226 0.001855 0.001665
0.082710 0.908585 0.003264 0.001369 0.001949 0.002123
0.083549 0.907531 0.003399 0.001059 0.002320 0.002142
0.082706 0.908369 0.003423 0.001283 0.001905 0.002312
0.128161 0.862600 0.003254 0.001503 0.002008 0.002474
0.128091 0.862140 0.003155 0.002135 0.002307 0.002172
0.109756 0.880469 0.004617 0.001939 0.002077 0.001142
0.110483 0.880144 0.004393 0.001967 0.001560 0.001452
0.110239 0.880400 0.004754 0.001902 0.001560 0.001144
0.096668 0.892972 0.003877 0.001766 0.002883 0.001833
0.095668 0.894133 0.003835 0.001704 0.001753 0.002907
0.095798 0.894414 0.003667 0.001819 0.002279 0.002023
0.115097 0.861435 0.017562 0.001562 0.002048 0.002297
0.086027 0.894056 0.015483 0.000914 0.001720 0.001800
0.115482 0.861408 0.017159 0.002002 0.001752 0.002197
0.085952 0.893139 0.012692 0.002083 0.004490 0.001644
0.085947 0.892962 0.012234 0.002280 0.003778 0.002799
0.085393 0.893091 0.012654 0.002300 0.003529 0.003032
0.108628 0.878515 0.005200 0.001951 0.003340 0.002367
0.099855 0.888875 0.004068 0.002417 0.003034 0.001751
0.094441 0.895777 0.005820 0.001430 0.001340 0.001192
0.145965 0.841180 0.007140 0.001452 0.003101 0.001161
0.087063 0.900862 0.004625 0.002702 0.002720 0.002027
0.142078 0.847100 0.004721 0.001419 0.003314 0.001369
