0.992394 0.004232 0.003374
0.993095 0.003414 0.003491
0.990326 0.005414 0.004260
0.987018 0.007235 0.005747
0.988855 0.006672 0.004472
0.989839 0.006239 0.003922
0.989366 0.006749 0.003885
0.991873 0.004412 0.003715
0.985831 0.005430 0.008739
0.986243 0.004997 0.008760
0.987808 0.006827 0.005365
0.974682 0.006097 0.019220
0.985301 0.008092 0.006607
0.989446 0.006176 0.004378
0.991200 0.004608 0.004191
0.989362 0.006171 0.004467
0.989080 0.006344 0.004576
0.990783 0.004348 0.004869
0.991684 0.004274 0.004042
0.990509 0.005219 0.004272
0.990500 0.005180 0.004320
0.990614 0.004929 0.004457
0.991528 0.004829 0.003643
0.992152 0.004035 0.003813
0.992568 0.004500 0.002932
0.992850 0.004366 0.002784
0.990761 0.004703 0.004536
0.992400 0.003717 0.003883
0.990757 0.005288 0.003955
0.992008 0.005562 0.002431
0.991275 0.004473 0.004252
0.991482 0.005179 0.003339
0.991882 0.004837 0.003281
0.993079 0.003980 0.002941
0.992210 0.004309 0.003481
0.992227 0.003859 0.003914
0.992577 0.003746 0.003677
0.989141 0.005221 0.005638
0.990765 0.004836 0.004399
0.990615 0.003819 0.005566
0.991453 0.003055 0.005491
0.989499 0.003991 0.006510
0.992476 0.004336 0.003188
0.992348 0.004396 0.003256
0.992388 0.004354 0.003257
0.992432 0.004698 0.002870
0.991822 0.005237 0.002941
0.991047 0.004429 0.004524
0.991411 0.004267 0.004322
0.991440 0.003991 0.004568
0.991397 0.004948 0.003655
0.991800 0.004672 0.003529
0.992019 0.004601 0.003380
0.977778 0.004996 0.017226
0.981469 0.003625 0.014906
0.978018 0.005029 0.016953
0.982474 0.006535 0.010990
0.982399 0.006990 0.010611
0.982110 0.006939 0.010952
0.989156 0.006022 0.004822
0.990393 0.005901 0.003706
0.991741 0.003126 0.005134
0.988069 0.004983 0.006948
0.990035 0.005802 0.004163
0.989127 0.005319 0.005555
