0.004356 0.040142 0.955502
0.004530 0.039561 0.955910
0.005503 0.035625 0.958872
0.007596 0.033186 0.959218
0.006636 0.055794 0.937569
0.005045 0.018755 0.976200
0.005006 0.018134 0.976860
0.005468 0.018639 0.975894
0.012235 0.044643 0.943122
0.012478 0.044627 0.942895
0.006731 0.047364 0.945905
0.019830 0.029348 0.950821
0.008482 0.021665 0.969853
0.006201 0.034564 0.959235
0.005256 0.040530 0.954214
0.006425 0.034632 0.958943
0.006019 0.041735 0.952246
0.005289 0.033242 0.961469
0.005790 0.026344 0.967866
0.006749 0.039484 0.953767
0.006705 0.039888 0.953407
0.006755 0.039357 0.953888
0.004518 0.044432 0.951050
0.004443 0.044957 0.950600
0.004013 0.033196 0.962791
0.004098 0.038767 0.957135
0.006670 0.023956 0.969374
0.005523 0.036262 0.958215
0.004597 0.031584 0.963819
0.003539 0.048080 0.948381
0.005000 0.029425 0.965575
0.004171 0.026818 0.969012
0.004094 0.026575 0.969331
0.003905 0.026006 0.970089
0.005410 0.052171 0.942418
0.005718 0.050313 0.943969
0.005545 0.050390 0.944065
0.006579 0.036166 0.957255
0.006077 0.030759 0.963165
0.008121 0.036086 0.955793
0.007924 0.034835 0.957240
0.008987 0.035526 0.955488
0.003505 0.036150 0.960345
0.003562 0.037630 0.958807
0.003736 0.037401 0.958863
0.004583 0.029505 0.965912
0.004344 0.029167 0.966488
0.005138 0.026529 0.968334
0.004816 0.024939 0.970245
0.005051 0.026788 0.968161
0.004513 0.036608 0.958879
0.004843 0.036235 0.958923
0.004361 0.035782 0.959857
0.018257 0.024375 0.957368
0.015306 0.025041 0.959654
0.018526 0.025096 0.956378
0.011038 0.033605 0.955357
0.011179 0.032740 0.956080
0.011246 0.033249 0.955505
0.005741 0.034211 0.960048
0.005406 0.031539 0.963055
0.006434 0.018389 0.975177
0.009985 0.043043 0.946972
0.006790 0.054705 0.938505
0.008468 0.031189 0.960343
