0.006548 0.929215 0.004369 0.033230 0.026638
0.006535 0.929713 0.004547 0.033231 0.025974
0.007799 0.930150 0.005672 0.027351 0.029027
0.010046 0.925846 0.007197 0.021711 0.035200
0.009833 0.910866 0.005959 0.046944 0.026398
0.007384 0.941585 0.005588 0.011745 0.033698
0.007616 0.942327 0.005523 0.010477 0.034057
0.009471 0.936992 0.006112 0.015775 0.031650
0.014325 0.940197 0.009657 0.019915 0.015907
0.014425 0.938990 0.009904 0.020011 0.016670
0.008083 0.907657 0.006687 0.037006 0.040567
0.010119 0.918350 0.020673 0.016511 0.034347
0.008194 0.930519 0.010351 0.015303 0.035633
0.007413 0.935747 0.006430 0.026301 0.024109
0.005490 0.941147 0.005578 0.031487 0.016297
0.007439 0.936395 0.006717 0.026436 0.023013
0.006374 0.930221 0.006397 0.032604 0.024404
0.007101 0.910943 0.005210 0.028252 0.048494
0.008471 0.938170 0.005761 0.016746 0.030852
0.006787 0.922384 0.006785 0.030211 0.033833
0.006900 0.921991 0.006694 0.030380 0.034034
0.006920 0.922653 0.006685 0.029776 0.033967
0.011392 0.928565 0.004626 0.025219 0.030198
0.011399 0.928607 0.004708 0.026239 0.029046
0.009899 0.929885 0.004391 0.020102 0.035723
0.005505 0.929549 0.004526 0.036182 0.024238
0.009166 0.944715 0.006623 0.015193 0.024303
0.005220 0.921964 0.006129 0.037383 0.029305
0.007269 0.929541 0.004533 0.026297 0.032359
0.005302 0.891312 0.003386 0.051802 0.048199
0.006075 0.940368 0.004812 0.025525 0.023220
0.007104 0.913098 0.004327 0.020622 0.054850
0.007072 0.914647 0.004287 0.019792 0.054202
0.007068 0.914205 0.004045 0.019795 0.054886
0.007820 0.902265 0.005194 0.048379 0.036343
0.007152 0.904721 0.005671 0.047281 0.035175
0.007060 0.905940 0.005448 0.046115 0.035438
0.007916 0.932765 0.007519 0.025045 0.026754
0.008228 0.957205 0.005950 0.017250 0.011367
0.008850 0.934473 0.008046 0.022118 0.026513
0.008993 0.935950 0.007876 0.020544 0.026637
0.009172 0.934873 0.008912 0.020607 0.026436
0.006029 0.914070 0.003480 0.034073 0.042348
0.006132 0.911889 0.003567 0.035805 0.042607
0.006073 0.912105 0.003773 0.036024 0.042026
0.007300 0.890281 0.004523 0.029615 0.068281
0.007439 0.892770 0.004257 0.027825 0.067709
0.007802 0.935877 0.004916 0.015593 0.035812
0.007851 0.937900 0.004487 0.013946 0.035816
0.007842 0.934809 0.004799 0.015997 0.036553
0.007615 0.921749 0.004318 0.024390 0.041928
0.007536 0.921512 0.004733 0.023377 0.042842
0.007499 0.921948 0.004147 0.023226 0.043180
0.008640 0.902069 0.017792 0.022122 0.049377
0.006410 0.920848 0.014810 0.024229 0.033703
0.008858 0.902140 0.018002 0.022442 0.048558
0.006741 0.931745 0.012231 0.023660 0.025624
0.006891 0.932253 0.012321 0.022457 0.026078
0.007024 0.931939 0.012387 0.022453 0.026196
0.009132 0.927645 0.005745 0.025288 0.032189
0.006244 0.931311 0.005922 0.027000 0.029523
0.006348 0.929538 0.006924 0.016621 0.040569
0.012965 0.911277 0.008765 0.018736 0.048256
0.007992 0.906475 0.007560 0.048720 0.029252
0.012714 0.928012 0.007429 0.013353 0.038491
