0.003880 0.300723 0.607643 0.087754
0.004010 0.300422 0.607833 0.087736
0.004959 0.323720 0.595380 0.075942
0.006754 0.378549 0.561591 0.053106
0.005927 0.315657 0.585110 0.093307
0.004434 0.394164 0.568099 0.033304
0.004347 0.394169 0.570943 0.030541
0.004940 0.406978 0.537277 0.050805
0.008473 0.457500 0.475124 0.058903
0.008706 0.457536 0.474285 0.059473
0.006198 0.305598 0.598759 0.089445
0.019203 0.354931 0.579642 0.046224
0.007721 0.373017 0.576779 0.042483
0.005296 0.366910 0.562267 0.065526
0.004869 0.303536 0.614238 0.077357
0.005528 0.366863 0.561851 0.065758
0.005827 0.284331 0.635546 0.074295
0.004647 0.340385 0.590311 0.064657
0.005088 0.413351 0.535111 0.046449
0.005897 0.389714 0.530526 0.073863
0.005793 0.390820 0.529348 0.074039
0.005848 0.390372 0.530022 0.073759
0.003878 0.356907 0.574750 0.064466
0.003890 0.357170 0.573673 0.065267
0.003596 0.370223 0.570766 0.055415
0.003882 0.259200 0.651293 0.085625
0.005760 0.407450 0.543713 0.043078
0.005401 0.266390 0.640962 0.087247
0.004078 0.365106 0.564078 0.066737
0.003073 0.344730 0.554368 0.097829
0.004547 0.356151 0.571041 0.068262
0.004029 0.311465 0.631099 0.053408
0.004001 0.311877 0.630472 0.053649
0.003796 0.310900 0.632023 0.053281
0.004526 0.375507 0.527914 0.092052
0.004878 0.360653 0.544186 0.090282
0.004726 0.360392 0.545834 0.089048
0.006120 0.353658 0.575636 0.064586
0.005714 0.333796 0.615360 0.045129
0.007366 0.341621 0.596197 0.054816
0.007179 0.342223 0.597035 0.053564
0.008260 0.343320 0.595388 0.053032
0.003136 0.308340 0.605092 0.083432
0.003248 0.307097 0.604370 0.085285
0.003382 0.307863 0.603068 0.085686
0.004204 0.335877 0.594915 0.065003
0.003950 0.339441 0.593820 0.062788
0.004352 0.381937 0.567289 0.046421
0.003981 0.382813 0.569214 0.043992
0.004299 0.382829 0.566062 0.046810
0.003972 0.340551 0.598356 0.057121
0.004342 0.338508 0.601070 0.056080
0.003846 0.339932 0.600402 0.055820
0.015473 0.343909 0.587902 0.052715
0.013021 0.331788 0.595218 0.059974
0.015695 0.344759 0.586868 0.052678
0.010569 0.362631 0.565668 0.061132
0.010693 0.362791 0.566893 0.059624
0.010764 0.362113 0.567249 0.059874
0.004798 0.406718 0.526116 0.062368
0.004789 0.363422 0.561623 0.070166
0.005966 0.395593 0.554083 0.044358
0.008566 0.370214 0.572234 0.048986
0.006361 0.299606 0.592294 0.101739
0.006318 0.414527 0.545609 0.033546
