0.003346 0.004590 0.005205 0.986859
0.003592 0.004079 0.005252 0.987078
0.004602 0.005469 0.006404 0.983526
0.006443 0.007940 0.008275 0.977342
0.005320 0.007697 0.007703 0.979280
0.004199 0.008096 0.006004 0.981700
0.004066 0.008367 0.006135 0.981432
0.005266 0.005559 0.007870 0.981305
0.008826 0.006415 0.012852 0.971907
0.008999 0.006272 0.013109 0.971620
0.006028 0.006885 0.006053 0.981034
0.019439 0.007426 0.008680 0.964455
0.007299 0.007492 0.006465 0.978743
0.005733 0.006345 0.006310 0.981612
0.005301 0.005264 0.004675 0.984760
0.005841 0.006665 0.006469 0.981025
0.006108 0.006944 0.005154 0.981794
0.004334 0.006259 0.005848 0.983559
0.004864 0.005562 0.007095 0.982479
0.005605 0.005977 0.006237 0.982182
0.005535 0.006131 0.006277 0.982058
0.005607 0.005802 0.006348 0.982243
0.004243 0.005602 0.010102 0.980054
0.004331 0.005299 0.010219 0.980150
0.004077 0.005045 0.008461 0.982418
0.003509 0.005123 0.004793 0.986575
0.005511 0.005381 0.008624 0.980485
0.004688 0.005483 0.004527 0.985302
0.003754 0.005471 0.005521 0.985254
0.002675 0.005751 0.005153 0.986421
0.004137 0.004699 0.004799 0.986365
0.003884 0.006044 0.005968 0.984105
0.003839 0.005538 0.005965 0.984658
0.003631 0.004998 0.005899 0.985471
0.004710 0.005956 0.006600 0.982734
0.005231 0.005620 0.005902 0.983247
0.005046 0.005546 0.005910 0.983499
0.007022 0.005658 0.006623 0.980697
0.005749 0.005560 0.006814 0.981876
0.006891 0.006078 0.007136 0.979895
0.006864 0.005537 0.007155 0.980444
0.007459 0.006406 0.007529 0.978607
0.002955 0.004857 0.005269 0.986919
0.003004 0.005206 0.005393 0.986397
0.003020 0.005526 0.005354 0.986101
0.003712 0.006523 0.005863 0.983902
0.003337 0.006398 0.005885 0.984380
0.004637 0.005096 0.006374 0.983893
0.004221 0.005263 0.006458 0.984058
0.004611 0.004665 0.006502 0.984221
0.003831 0.006322 0.006556 0.983291
0.004169 0.006448 0.006440 0.982943
0.003991 0.005788 0.006545 0.983677
0.016962 0.005329 0.007544 0.970166
0.013952 0.004297 0.005731 0.976020
0.016990 0.005366 0.007708 0.969937
0.011105 0.007824 0.005547 0.975523
0.011156 0.007765 0.005628 0.975451
0.011418 0.007826 0.005663 0.975092
0.004655 0.007808 0.007663 0.979873
0.005390 0.007202 0.005163 0.982245
0.005610 0.005023 0.005368 0.983999
0.007793 0.005820 0.011053 0.975334
0.005162 0.006769 0.006845 0.981224
0.006597 0.005797 0.011221 0.976385
