0.990300 0.004767 0.004933
0.990637 0.004271 0.005092
0.988016 0.005919 0.006065
0.982262 0.008564 0.009174
0.984081 0.008103 0.007816
0.986339 0.008264 0.005398
0.986040 0.008510 0.005449
0.988509 0.005935 0.005556
0.977247 0.007131 0.015622
0.977167 0.007003 0.015830
0.984758 0.007792 0.007450
0.970828 0.008121 0.021051
0.983702 0.007785 0.008513
0.986426 0.006595 0.006979
0.987961 0.005482 0.006557
0.985975 0.006915 0.007110
0.985826 0.007260 0.006914
0.987156 0.006292 0.006552
0.987444 0.005521 0.007034
0.985904 0.006680 0.007416
0.985702 0.006879 0.007419
0.985917 0.006529 0.007555
0.985349 0.006131 0.008521
0.985659 0.005825 0.008516
0.987911 0.005499 0.006589
0.990375 0.005154 0.004471
0.986406 0.005613 0.007981
0.989355 0.005610 0.005035
0.988750 0.005809 0.005441
0.989331 0.006251 0.004418
0.989004 0.005090 0.005905
0.988011 0.006350 0.005639
0.988522 0.005846 0.005631
0.989316 0.005360 0.005323
0.987179 0.005781 0.007040
0.987284 0.005488 0.007228
0.987359 0.005395 0.007246
0.985516 0.005829 0.008655
0.986172 0.005905 0.007923
0.984237 0.005895 0.009867
0.984908 0.005366 0.009726
0.983075 0.006152 0.010772
0.990081 0.005149 0.004770
0.989640 0.005479 0.004881
0.989342 0.005810 0.004848
0.988146 0.006401 0.005452
0.988583 0.006269 0.005148
0.987521 0.005261 0.007218
0.987700 0.005425 0.006875
0.987882 0.004878 0.007240
0.986345 0.006448 0.007206
0.985902 0.006540 0.007558
0.986639 0.005982 0.007380
0.975002 0.005953 0.019045
0.979635 0.004451 0.015914
0.974718 0.006014 0.019268
0.979711 0.007966 0.012322
0.979660 0.007902 0.012439
0.979278 0.007966 0.012756
0.985035 0.007747 0.007218
0.986705 0.007384 0.005911
0.988506 0.004882 0.006612
0.979172 0.006437 0.014391
0.985309 0.006599 0.008092
0.981564 0.006645 0.011791
